0.002661
0.002686
0.002622
0.002673
0.002678
0.002563
0.002609
0.002902
0.002689
0.002685
0.002643
0.002678
0.002708
0.002543
0.002622
0.002643
0.002516
0.002678
0.002683
0.002559
0.002648
0.002552
0.002684
0.002680
0.002636
0.002678
0.002694
0.002639
0.002606
0.002641
0.002516
0.002622
0.002644
0.002617
0.002640
0.002674
0.002558
0.002682
0.002681
0.002634
0.002702
0.002693
0.002772
0.002602
0.002551
0.002793
0.002680
0.002707
0.002701
0.002706
0.002642
0.002668
0.002516
0.002641
0.002660
0.002595
0.002635
0.002690
0.002624
0.002660
0.002686
0.002624
0.003338
0.003332
0.004061
0.004011
0.003738
0.003553
0.003210
0.002820
0.002823
0.003883
0.003024
0.003012
0.004278
0.004456
0.003899
0.003962
0.004242
0.003003
0.003005
0.004067
0.004059
0.004669
0.003319
0.003012
0.002909
0.002908
0.003003
0.003003
0.004242
0.003775
0.003580
0.003135
0.003133
0.004079
0.003029
0.003020
0.003003
0.004271
0.004416
0.004451
0.003333
0.003210
0.003215
0.003182
0.002916
0.003235
0.004075
0.004068
0.004281
0.003003
0.003002
0.003003
0.003956
0.005502
0.002832
0.002826
0.003356
0.004670
0.002821
0.002821
0.002821
0.002919
0.003460
0.003638
0.004055
0.003882
0.003464
0.003520
0.003582
0.002837
0.002828
0.003190
0.004454
0.003983
0.003592
0.002836
0.002820
0.002822
0.005557
0.002821
0.002821
0.003002
0.003004
0.004238
0.003499
0.003223
0.003210
0.003475
0.003461
0.004452
0.004312
0.003417
0.003218
0.003216
0.004012
0.002923
0.002921
0.004006
0.004795
0.004440
0.004442
0.003361
0.003227
0.003270
0.004455
0.004055
0.003745
0.003730
0.004183
0.003230
0.003249
0.003116
0.003008
0.004041
0.003238
0.003221
0.003710
0.002831
0.002828
0.004177
0.004646
0.003737
0.003730
0.003334
