0.004165
0.003037
0.003009
0.004675
0.003649
0.003330
0.003388
0.003608
0.003589
0.004665
0.003501
0.002829
0.004078
0.004910
0.003736
0.003750
0.004241
0.004256
0.004703
0.004020
0.002826
0.003854
0.004269
0.003768
0.004527
0.002917
0.002946
0.002828
0.002860
0.002866
0.003909
0.004224
0.002826
0.004001
0.003467
0.003101
0.002917
0.002916
0.002803
0.002793
0.003051
0.003011
0.003005
0.002840
0.002764
0.002826
0.002823
0.004675
0.003136
0.002781
0.002799
0.002790
0.002800
0.002917
0.002946
0.002870
0.002827
0.002836
0.002827
0.002843
0.002839
0.002829
