0.002735
0.002739
0.002872
0.002939
0.002881
0.002891
0.002894
0.002694
0.002726
0.003673
0.003741
0.003547
0.003520
0.003901
0.003405
0.002964
0.002958
0.004003
0.003185
0.003262
0.003832
0.003714
0.003695
0.003847
0.004209
0.004096
0.002865
0.002915
0.002777
0.002786
0.002782
0.002778
0.002874
0.002870
0.003738
0.004380
0.003732
0.003064
0.002937
0.002867
0.002872
0.002741
0.002745
0.002873
0.002868
0.003104
0.003166
0.003999
0.005300
0.002773
0.002776
0.002805
0.003669
0.003601
0.003527
0.003985
0.003474
0.002971
0.004825
0.002721
0.002727
0.004586
