0.002604
0.002636
0.002497
0.002591
0.002632
0.002522
0.002602
0.002650
0.002736
0.002567
0.002613
0.002625
0.002608
0.002646
0.002661
0.002612
0.002634
0.002588
0.002570
0.002669
0.002472
0.002602
0.002641
0.002565
0.002622
0.002605
0.002622
0.002638
0.002537
0.002623
0.002601
0.002529
0.002600
0.002587
0.002568
0.002616
0.002516
0.002621
0.002514
0.002653
0.002665
0.002511
0.002600
0.002621
0.002570
0.002599
0.002473
0.002669
0.002607
0.002603
0.002645
0.002655
0.002555
0.002644
0.002511
0.002589
0.002609
0.002472
0.002602
0.002514
0.002617
0.002629
0.003276
0.004171
0.004086
0.003822
0.002952
0.002954
0.005094
0.002952
0.002950
0.002952
0.005007
0.004580
0.003670
0.003408
0.002868
0.002867
0.004013
0.004199
0.002752
0.002720
0.003409
0.004806
0.004180
0.005077
0.003720
0.003389
0.003407
0.003730
0.005107
0.002740
0.002753
0.002892
0.003667
0.003605
0.003517
0.003608
0.003823
0.003017
0.002950
0.002954
0.003529
0.003535
0.004167
0.003869
0.002863
0.002864
0.003458
0.004625
0.002771
0.002777
0.002772
0.004175
0.003228
0.003064
0.003051
0.003818
0.003653
0.003410
0.003386
0.003825
0.003566
0.003406
